10 303 5654 4767 2602 9233 5496 3831 9541 322 4614
10 3156 3739 9226 782 2712 4155 3315 7424 325 4640
10 4094 311 7135 6504 1941 7805 2789 4460 336 4649
10 4839 4346 4836 1932 3446 3508 9979 3742 361 4662
10 5497 2838 5809 7741 1591 3209 1373 712 383 4683
10 1335 2316 5213 4876 3738 703 9021 534 390 4695
10 445 9137 5359 4828 5080 4026 7646 927 391 4716
10 3580 3692 665 5582 8200 1520 6668 5316 392 4725
10 8703 3830 560 4804 505 5851 4917 1859 398 4729
10 1138 3840 2641 27 1790 7858 1027 3046 406 4741
10 4059 3758 7787 4989 907 6083 7262 3304 410 4750
10 4377 24 7255 9718 4033 4590 9302 9961 418 4757
10 1992 8310 5712 521 9944 7195 2199 7660 431 4760
10 2949 563 6749 7397 5999 4389 5151 4265 432 4778
10 606 6004 8956 6862 1508 6383 3296 9958 438 4790
10 3444 2566 9182 214 4651 9833 8579 3015 443 4795
10 7318 2060 8521 883 3757 7137 5805 9883 446 4803
10 7429 3245 9845 2874 114 2832 6406 9596 452 4812
10 8292 6849 1697 9089 4851 4527 4179 9423 455 4818
9 8630 9869 9370 4326 4164 3962 3539 5436 464
10 4435 6048 4282 870 3213 8408 8436 8920 465 4861
10 9084 5887 7117 8029 4478 9598 145 1044 479 4891
10 8518 3540 5369 8228 3212 4625 8577 7748 480 4918
10 5018 8489 9769 8161 4397 7505 3759 3179 492 4951
10 9888 2357 1884 7737 5635 8544 8045 4199 495 4968
10 6807 1090 2352 6179 4613 7599 1099 8 526 4996
10 9913 6922 7224 4878 3650 8627 5518 8999 532 5029
10 1815 3564 2543 5027 878 2387 5898 7803 535 5044
10 5299 5335 9364 5522 3570 9822 4887 5098 562 6505
10 9675 1869 9151 8121 9602 8383 5259 9269 557 5067
10 7952 6220 1369 9441 2051 5097 2739 2218 573 5125
10 2576 5089 7191 7353 7531 6785 5283 5513 587 5175
10 2296 568 4200 8088 1444 1265 9149 738 590 5232
10 1209 8104 164 6061 2341 6309 3241 5839 603 5272
10 1664 6338 9273 887 2104 9982 3554 6592 611 5312
10 3457 8675 1223 4289 8646 3668 6095 5677 616 5390
10 1993 8586 5799 4739 5166 9904 777 3336 623 5415
10 190 3188 739 1098 5734 8362 2177 2354 626 5446
10 8271 9411 3050 817 5211 2636 8732 1390 630 5476
10 6783 4502 741 3547 7971 5430 2053 9717 632 5536
10 6135 1512 5237 9969 7273 8116 3013 3405 635 5561
10 9020 1267 8062 4163 3429 8851 174 4967 638 5596
10 268 5615 3859 6223 2856 7330 7124 3093 641 5647
10 7293 6607 9752 8284 8115 872 8757 3318 644 5682
10 5113 8112 8840 6932 9945 7651 5258 6489 664 5745
10 6115 1530 4615 9419 7037 8721 7652 3250 667 5790
10 1528 9549 3394 4830 7260 6554 5577 4517 669 5840
10 5192 5751 5888 2955 4746 6709 2043 652 685 5859
10 920 4842 2893 4217 3553 1789 3300 5121 690 5896
10 2920 8059 7792 1381 3841 8164 5509 6725 702 5953
10 84 854 2261 1965 6680 8742 2282 8076 706 6011
10 1492 7190 2809 2374 2041 2769 8144 4097 707 6073
10 4379 9707 4664 5083 8992 8390 9519 5560 729 6104
10 7640 7186 6966 8437 5738 4571 5216 9338 737 6153
10 677 9559 8644 8127 698 4037 7396 1383 746 6227
10 7399 9864 7366 668 7573 4084 2980 3094 747 6278
10 2432 3693 3157 760 3888 2434 6287 1998 748 6322
10 3743 3208 1580 6033 9828 8958 8754 7776 749 6355
10 5445 1866 8225 6064 9019 1775 8805 7972 758 6750
10 9698 1269 4130 2048 4822 1850 8014 6992 757 6470
10 3527 3817 1309 1233 9055 2950 9173 3718 762 6527
10 1305 4171 6379 6149 8220 7875 940 3214 763 6603
10 7320 4659 4869 7322 5909 6957 4508 4769 766 6650
10 1978 5025 5245 3230 3496 4238 3379 4188 770 6700
10 6654 41 8506 2632 5574 5642 7734 679 784 6768
10 3988 5598 6198 1338 2956 9242 9428 1007 790 6828
10 8329 3051 7602 7284 1053 7711 4632 6499 792 6870
10 769 4233 7903 4985 7466 6232 7012 8553 794 6917
10 2106 3976 2366 81 5133 1519 3587 8515 795 6935
10 6456 9626 711 3121 6167 8679 6130 8398 797 6976
10 6901 956 2982 3704 701 9662 9529 1890 805 6997
10 1438 3786 5160 9548 4440 3803 8145 8522 807 7011
10 7070 2651 8640 1033 1237 6056 2344 8006 818 7036
9 3253 4948 8485 3299 7730 3726 5938 6143 835
10 700 211 3773 7534 1947 468 8894 6664 828 7059
10 3607 3148 1046 1451 3847 8496 3011 9301 836 7146
10 9393 2512 4872 4359 3404 9352 450 1159 840 7175
10 1178 225 403 5519 4244 346 2582 4752 845 7304
10 945 7116 6491 9327 7145 4342 7706 538 859 7241
10 3471 2520 7401 5309 177 1416 8256 7540 868 7356
10 4885 7243 2235 7403 4198 4306 5349 6057 869 7393
10 1315 6718 196 7927 676 2506 3100 1487 899 7467
10 8149 6851 671 6552 3432 3374 539 149 900 7519
10 1543 8085 1568 1996 3391 7018 4950 1467 901 7566
10 5424 5324 6582 3360 2413 9073 5986 8110 906 7603
10 7475 3891 463 1316 7848 5528 28 4180 910 7641
10 6694 8989 3904 6054 6560 3649 8092 1696 913 7700
10 1066 4153 1232 1810 8244 4253 1231 5657 914 7742
10 4309 6786 3314 8650 5911 6282 3102 7029 923 7795
10 4214 3170 6757 442 6478 1977 4182 6046 925 7834
10 3572 950 3425 6357 4903 8853 1759 3932 926 7906
10 6110 3849 1364 1168 8415 7940 3516 7818 939 7951
10 9216 4507 6587 5301 6337 9083 4780 3002 948 7986
10 6780 4661 4353 7735 5452 2567 6599 4240 954 8008
10 9544 8792 7804 6292 215 551 9074 3715 955 8053
10 6794 57 2910 1163 5132 7897 5277 4701 962 8100
10 9523 2941 2233 621 3397 356 1334 7427 966 8131
10 3236 5406 8864 9234 1457 5271 8836 613 971 8169
10 8024 2559 5212 1286 7924 5088 9318 2728 973 8210
10 9851 7572 7226 4135 9092 6103 6126 7719 976 8232
9 157 8588 1660 4644 6376 725 5252 4905 978
10 9852 9325 5208 5827 7699 2328 912 9384 980 8308
10 5744 3068 1738 5042 1179 9892 3661 5923 994 8374
10 7229 376 5620 3498 2756 4552 6146 2259 995 8499
10 222 1170 9276 487 8297 4639 4469 8658 998 8611
10 4894 5601 3666 7516 5194 931 7225 5867 1003 8712
10 4833 3398 3160 9630 5314 3881 9040 7244 1006 8797
10 2356 513 7764 10 8930 5482 8570 3853 1009 8895
10 8509 7088 9645 2875 4039 7727 7280 5302 1015 8947
10 88 7956 9513 126 154 6047 7853 7959 1020 9049
10 9581 9806 7900 357 9143 1463 7970 2486 1022 9198
10 3951 6502 3370 3263 96 6077 2518 4267 1035 9311
10 8175 8128 8876 9044 5694 7797 2003 9589 1038 9404
10 530 8708 2393 9498 7638 3948 9340 4236 1052 9515
10 4184 892 4068 1686 7868 8366 6386 9145 1055 9606
10 8204 7759 9238 6824 7698 4004 8500 3824 1060 9716
10 5890 6327 4002 6629 1690 8399 2503 9953 1064 9796
10 2571 7373 354 4452 2052 8746 6157 2286 1076 9891
10 3329 6403 7874 2407 7222 3678 1391 3520 1080 9990
9 6952 378 3463 7726 3339 9471 2367 8168 1082
9 2917 4194 313 260 3127 4881 735 4820 1083
9 6150 8642 843 6319 8593 127 3878 4993 1084
9 6656 896 4111 7231 7507 3365 2001 6214 1086
9 6457 1874 5112 6324 3182 4187 1802 9674 1087
9 4679 2828 1489 7588 3323 3761 2534 5368 1088
9 4414 4056 6946 2362 3164 5691 1957 6621 1089
9 6044 7442 3220 7504 4334 2570 3628 6585 1107
9 3333 417 8984 9247 5480 7099 8935 8043 1120
9 585 7692 15 7879 6336 4472 2391 5806 1115
9 9935 2696 8239 4786 3027 8881 8205 2608 1131
9 8578 656 1211 2861 5016 9825 6495 2219 1134
9 8382 8158 9463 537 3116 9275 45 2064 1136
9 1635 6160 9836 5611 2111 9621 6092 6176 1137
9 9401 6024 5082 4092 5651 7872 2842 3023 1140
9 9305 2026 2074 7360 2086 4053 8741 2258 1150
9 7913 7710 3793 5880 2766 2700 2733 163 1153
9 6404 823 9272 8976 3085 1382 6435 4079 1157
9 9768 3442 7355 7194 1922 7369 5195 5318 1173
9 8978 7253 4249 52 5183 3764 5197 6844 1185
9 1867 7612 5566 8793 8258 7491 9218 5832 1190
9 4665 719 7245 2236 7635 7745 7785 9773 1191
9 7928 9042 1800 2960 6362 1924 968 3244 1202
9 297 6536 9433 4137 2040 8514 3355 3716 1204
9 3869 2536 1348 1181 670 1583 8186 6194 1207
9 19 2999 4558 924 2944 7462 2707 1000 1212
9 5510 8055 5885 283 9853 1241 427 6079 1213
9 273 1228 461 8181 8348 6604 9170 7315 1226
9 5358 3958 2900 8481 4899 9634 581 1488 1230
9 9627 4536 2652 2311 3813 8065 3548 68 1242
9 1447 8449 715 9153 7907 1236 4754 5095 1244
9 4437 1845 1873 9801 7746 8886 3062 2347 1247
9 1888 9202 6864 256 9839 1563 1893 6637 1254
9 9901 4494 5557 2417 929 6431 9772 773 1258
9 3103 6575 3991 4038 1856 1188 9587 6423 1261
9 5693 7554 338 7007 2803 9315 3460 3415 1277
9 6269 9121 6378 2025 7006 6429 2396 1586 1285
9 4637 2963 990 5553 1182 1844 6230 265 1507
9 9976 375 4300 3494 6264 1656 4765 651 1293
9 9514 8458 9171 3328 5680 9933 4928 7068 1301
9 9412 5766 7691 7272 3022 1959 8828 3892 1306
9 3257 856 3974 6648 118 2690 4721 8218 1327
9 8351 1986 9139 2694 2611 1405 1797 9210 1343
9 7249 3196 7193 7028 4001 449 8834 2698 1350
9 61 2578 2270 7285 5036 9584 9562 7136 1359
9 2519 3047 2390 9867 4012 9777 8845 8451 1374
9 8587 5189 3740 862 8549 9422 9715 2987 1377
9 6916 7934 8134 9018 9572 569 810 2144 1385
9 7957 1794 852 5864 9366 5315 5740 6210 1408
9 6296 8795 1831 8645 7327 3215 4669 411 1425
9 2135 502 7208 608 105 8318 6443 756 1437
9 3549 3816 65 8439 8725 6887 3653 3687 1446
9 3024 8728 8373 2558 178 9730 3150 329 1472
9 1515 166 709 1876 1531 6868 9051 274 1478
9 2147 9207 2335 7622 7420 8353 574 4303 1495
9 6765 8302 2126 7086 9050 5156 9692 9615 1510
9 4687 1773 5990 1711 1781 5186 8810 7978 1540
9 7975 208 2937 6758 7542 647 2422 9115 1542
9 7553 8555 6584 6719 9872 3918 3896 5774 1545
9 4829 615 3169 2360 5313 1448 4837 3684 1547
9 2774 6971 5457 6737 3689 8649 7480 2267 1549
8 1273 2511 4150 5479 1067 5421 3827 44
9 5227 3090 4213 4497 634 9085 5468 3387 1558
9 3025 1363 2077 279 4100 1162 1049 8880 1562
9 7911 3364 2718 305 8465 1743 8387 4212 1573
9 9691 8378 645 8672 6712 4708 7736 7718 1575
9 9267 8856 7287 2765 6904 2753 2703 246 1594
9 961 986 4496 1715 6681 3895 2598 2454 1602
9 3055 1557 3845 7179 4890 2572 2212 8084 1619
9 2531 7428 4821 6855 5180 7966 5521 796 1626
9 5090 9166 7065 963 9236 4722 9861 9827 1636
9 3017 6202 1048 2398 1688 5780 681 2197 1646
9 7329 6742 5009 6974 1770 2574 7520 4275 1653
9 9003 9705 3783 5074 8289 7003 6447 3872 1662
9 5517 1079 5875 2451 8749 2607 4132 6257 1680
9 7104 3632 280 1371 7998 1197 5326 3497 1691
9 2788 3513 6474 874 5852 350 7473 5935 1699
9 4848 8671 4224 1145 1714 6578 2723 4390 1705
9 3410 1349 35 4874 2668 8325 2050 8824 1713
9 9254 2869 5308 1169 3137 9440 9994 2158 1722
9 7657 2711 6367 7949 5260 7715 8846 5685 1730
9 7198 7690 4154 1320 5765 1649 4082 8552 1740
9 6412 7451 1587 6471 9565 1167 8769 7828 1758
9 8736 3585 2383 7167 2359 6826 9157 2133 1805
9 610 9846 663 1154 9107 3161 2394 3254 1809
9 7965 8868 4628 6883 4409 6549 8380 1019 1823
9 400 8425 5040 5502 2741 4138 4462 1085 1829
9 5402 1386 4924 1695 6171 6344 9643 5918 1855
9 6069 4021 4819 6863 3006 7961 1728 7760 1868
9 117 4421 6832 6131 1342 5993 8849 1454 1880
9 1593 9680 8259 5534 567 7529 2966 9791 1887
9 8557 9087 9779 4539 2018 288 7880 2249 1898
9 3371 8614 4990 7656 5498 9108 9551 8352 1923
9 200 1613 2477 43 1657 2365 4257 1216 1931
9 5205 1908 8918 9724 3913 803 9468 8397 1939
9 4349 7171 4396 4798 9754 8776 602 3959 1950
9 6822 8773 2515 3782 2903 2452 7932 8087 1956
9 4307 6402 9813 5041 337 5590 4009 488 1961
9 6724 4511 4499 2526 1538 4280 3683 2736 2650
9 3168 5381 7085 6162 4727 1666 9877 6354 2002
9 8342 6182 9292 8720 5181 3852 2647 3595 2055
9 2735 2742 5829 3211 9704 8388 4860 1195 2098
9 3200 284 1963 5094 4694 806 6528 7025 2130
9 3005 1189 1194 7605 8531 5135 7096 9129 2148
9 6695 775 9000 130 1499 9858 7061 6715 2169
9 4761 6023 9950 2780 2154 4596 1183 5011 2200
9 8699 6485 6261 2142 6515 9857 4032 9635 2210
9 4080 8190 6597 800 8660 5945 4183 4273 2224
9 8406 5955 4270 6169 7453 5139 2149 5587 2252
9 6304 1625 5748 2640 2810 9919 8858 3126 2271
9 4225 4973 499 6608 7294 4322 8096 6229 2300
9 1200 8102 5045 97 50 4740 5980 8927 2326
9 627 4090 8343 2173 3331 1946 3882 5607 2353
9 1372 9282 8025 9547 5341 7443 4468 7597 2376
9 8146 511 4264 7613 4482 2532 3074 6453 2427
9 6875 6293 8950 7683 9093 3078 1025 6612 2450
9 8133 9466 9205 4098 4385 6928 4684 2073 2488
9 3067 2384 8883 7598 9416 8635 1793 4311 2502
9 7357 3697 4256 8987 5532 6040 1061 5964 2521
9 4742 8167 8326 9706 453 9016 1362 5474 2540
9 7993 1111 7384 8077 6704 9695 9540 9977 2564
9 5440 6381 6982 5052 4569 1590 2034 2693 2597
9 9974 6119 3222 4675 4234 8924 6773 4401 2617
9 7585 7438 873 4608 8136 588 6432 2227 2627
9 1830 2973 7791 2988 5801 2896 238 662 2659
9 7141 7092 1105 6081 2268 7142 8041 4337 2669
9 975 5771 1537 3829 7352 8969 9212 6090 2691
9 3197 4855 1914 657 989 2471 2833 1056 2704
9 6265 8191 8510 3873 1727 6142 4943 4631 2724
9 8448 2293 7682 7351 3963 9964 3567 5551 2750
9 1995 9068 5567 3395 3437 3219 5568 9638 2764
9 4733 3176 1598 8316 9506 9385 9280 9971 2773
9 565 4815 4607 3997 8170 6658 9998 7898 2794
9 483 419 7440 5552 9728 9096 7336 3140 2813
9 6189 1441 5120 692 6776 5102 7317 8556 2815
9 6735 6076 5495 7075 4954 5527 5126 3956 2818
9 6547 381 2164 412 4263 4809 5015 26 2822
9 2784 8338 7296 5307 9665 8052 6564 556 2830
9 533 8462 244 813 5103 2708 1021 2421 2839
9 6228 3435 1198 6802 4603 2215 4868 2298 2843
9 6710 159 2942 5268 8074 7299 9660 5202 2848
9 6418 5717 4366 3930 233 1934 8281 393 2853
9 2603 6026 5093 9188 1461 2381 9415 3369 2865
9 271 4143 1804 5724 5099 5448 595 6782 2873
9 2278 4630 6605 2688 1477 7634 3095 1788 2878
9 2507 4882 5366 5352 286 3472 7995 8523 2888
9 328 8155 230 2109 4748 3293 3766 4281 2897
9 2934 7129 3476 578 125 5337 9653 5072 2908
9 2123 3795 9658 9539 5297 5863 7930 7202 2914
9 9996 7040 9972 1724 8807 3696 2569 9391 2936
9 1609 8157 8616 8359 9435 367 4422 8089 2940
9 8484 7118 7793 7536 4964 3201 9997 7358 2953
9 2986 6740 3228 6996 1119 9856 5826 1659 2964
9 3654 9388 9928 5005 5107 3777 1296 1982 2983
9 4935 5516 9457 6593 3438 2757 6391 5354 2998
9 1313 5060 1132 3967 9835 1122 4588 2196 3014
9 2465 9538 6020 6540 6036 684 9066 2785 3021
9 8559 9409 2938 3342 6459 5951 317 7257 3032
9 9757 4826 1628 151 1679 6100 2331 1225 3035
9 6139 2217 1460 5619 62 6801 4498 9747 3042
9 1757 753 6808 740 9337 5966 9873 1404 3048
9 4071 4657 1037 930 2817 8418 2767 1001 3064
9 6410 6430 3358 2205 4096 5638 958 3189 3076
9 6711 7884 8745 8135 4107 7308 860 3229 3087
9 6913 830 1741 3973 5483 4960 9124 5606 3107
9 7499 8118 6414 851 7271 6906 2779 7242 3111
9 3972 92 9407 5614 1816 7122 9248 5499 3125
9 8890 9510 2892 6446 8494 8051 5281 8044 3185
9 3375 7346 5317 889 8961 4505 3995 7593 3172
9 2166 9345 636 8357 6235 6178 6860 2494 3207
9 4020 1735 9229 4870 5441 9618 201 1139 3223
9 8262 4704 6643 536 7921 3309 8483 3302 3237
9 9805 6244 2468 1776 3774 3058 3242 9577 3246
9 9965 7861 5391 3682 5228 7908 974 4898 3264
9 5049 8681 4423 524 5200 1780 6796 2139 3275
9 672 6132 3269 3406 6094 3194 9373 5068 3279
9 5282 1550 5219 531 7674 8248 834 6154 3286
9 5727 6101 2431 8599 9453 6646 4513 9531 3289
9 4984 210 2119 3082 9924 6511 9008 710 3313
9 8370 8566 5981 520 2102 5379 7345 6465 3337
9 8832 5576 6734 1886 8584 2459 6394 5979 3347
9 3603 554 928 8312 1417 5374 258 8185 3350
9 519 8445 7501 6089 7425 9240 6788 9399 3378
9 3546 7704 8938 1428 1032 2489 7388 5435 3388
9 6053 842 4802 542 1885 5641 3676 3464 3412
9 7230 9511 552 1612 1596 9534 7892 3902 3422
9 394 95 4635 2948 1988 7071 7618 3850 3440
9 423 853 2401 6380 1075 2478 3186 437 3458
9 5856 100 5382 1474 9368 5624 959 1987 3480
9 4648 8243 4801 6953 7153 8651 101 6417 3491
9 2720 102 8247 34 8968 7506 9014 2188 3500
9 5086 3057 3843 7616 6880 8794 7514 1456 3504
9 4794 1630 8470 5481 6636 3806 314 7836 3517
9 768 1784 8873 4278 8192 6937 3581 7251 3525
9 825 3036 1224 2093 8852 6926 9181 2615 3528
9 9625 2275 2760 4816 1135 7538 4126 4492 3631
9 3294 1777 3291 9027 6682 9688 6588 579 3545
9 119 6924 9985 9400 1979 9762 8391 9131 3569
9 9347 617 7274 4521 7887 2485 3981 764 3589
9 32 992 2213 586 1742 3392 6936 5883 3617
9 474 4208 2246 9135 2984 9261 9783 3903 3626
9 4980 6784 7570 2901 3145 8600 9521 4145 3637
9 9164 7877 4491 969 6483 1765 3936 1837 3643
9 4112 2245 1756 4560 2561 4313 2624 4936 3656
9 7471 1010 2076 364 3372 5943 3070 7405 3665
9 7557 7263 9929 6793 3794 620 3227 5571 3688
9 5948 4207 9983 3915 467 4975 5115 2409 3711
9 7430 1215 967 9701 7125 4166 3551 1642 3713
9 1240 6912 1217 4430 7130 2095 4548 4978 3727
9 1674 2605 5632 8512 6705 5608 3561 4678 3733
9 5668 4585 9111 1875 1853 7910 2083 4057 3741
9 8787 3167 120 2793 7331 6797 1445 8468 3749
9 7465 8328 4584 3351 9575 5384 1397 6448 3762
9 9314 6652 1828 2023 5639 4168 9169 5894 3780
9 8711 3542 6068 4074 7729 5191 6627 9970 3791
9 4910 9561 7551 1911 2687 6640 5355 108 3797
9 1465 1101 7802 6905 8841 941 3376 3128 3819
9 2783 2675 863 7212 2420 7777 4447 7667 3825
9 6123 4467 1842 7090 4299 5100 8286 4269 3838
9 6239 5866 2178 4330 9583 6622 111 4783 3856
9 8803 3133 8339 2419 6377 9841 2191 8941 3858
9 1503 6809 4587 8872 4016 6286 8790 1284 3870
9 8435 9557 8889 4259 1370 5755 3449 6487 3880
9 6831 7174 4988 9612 8692 6790 3330 2318 3884
9 2056 5853 1702 1302 5168 8875 3529 5718 3887
9 666 1422 1668 3421 2676 4368 6781 4005 3897
9 3616 6133 2552 2947 5403 4609 5969 3081 3914
9 2883 8529 694 6736 9571 5830 8015 5410 3927
9 497 9564 3645 2667 9062 9381 5204 3322 3931
9 2436 2577 5032 7608 7326 9603 5242 722 3941
9 734 704 3550 7865 6134 3166 7297 1966 3950
9 9306 2426 267 4433 2183 4381 4864 8877 3965
9 9078 3531 9039 9077 4919 6097 4692 5333 3971
9 8203 5285 2645 839 3308 345 3465 4157 3978
9 4693 380 7543 7914 2058 5914 7806 8778 3985
9 3281 212 7619 2990 4582 179 6948 7437 4013
9 109 6476 2345 1065 8733 6449 9177 0 4022
9 6206 7693 612 6253 72 7094 5762 7 4040
9 5235 8698 2084 2837 6938 9342 8580 20 4042
9 7314 6058 7987 714 1651 2066 9063 49 4049
9 8784 633 6251 3788 5992 7082 6535 54 4077
9 9733 2480 7849 5882 589 7675 7788 58 4095
9 9550 64 6743 3501 9594 5026 9 60 4116
9 2538 1912 9130 7982 6733 1719 736 70 4124
9 6466 8637 1827 4360 1737 6945 7216 73 4129
9 8236 3138 6298 5627 9113 5298 3441 79 4140
9 3821 1430 7210 6137 6416 2533 5752 86 4158
9 6706 4673 9175 6359 2761 1632 787 89 4178
9 3555 9744 3135 3136 3521 4454 6301 107 4185
9 1097 1864 7750 8662 5221 1108 5344 124 4189
9 4601 4586 5323 3382 330 2222 752 131 4192
9 7685 9505 6375 7637 5267 4466 5927 143 4197
9 4455 4376 8926 5530 2932 2302 3192 144 4220
9 6424 8575 6738 5605 9320 8764 2443 148 4241
9 7862 1500 8603 5347 1785 2588 103 160 4243
9 9274 8652 8933 2850 5007 99 743 165 4271
9 5387 1326 5715 1165 7060 7291 5897 170 4286
9 5721 3990 1629 1778 2065 6516 8919 176 4296
9 9670 1222 8896 9896 9748 4743 1847 181 4301
9 206 5193 5708 1539 3979 7452 8442 182 4308
9 3445 1560 8817 5372 884 6341 6589 195 4315
9 3411 7211 8564 6001 3784 4027 4237 204 4341
9 4428 6649 3221 8562 2891 5053 3423 207 4332
9 277 8664 4219 2633 6798 8536 2827 218 4354
9 7677 4792 9709 1072 7067 7279 8929 220 4374
9 489 6316 9132 2557 9125 3552 7801 224 4383
9 3544 2292 4388 9490 7339 5206 6973 226 4393
9 8219 9696 8691 4011 4055 7592 4688 229 4416
9 3129 4913 3747 4070 8819 6619 5247 231 4432
9 169 6473 4064 8844 2350 6810 5418 234 4446
9 1984 9992 5169 7790 5336 2435 1506 240 4474
9 3855 175 3894 8030 9655 9607 5177 242 4483
9 6361 3966 1352 3354 9386 5164 6577 247 4490
9 7319 9526 290 7926 5484 6949 7073 251 4509
9 6307 4788 219 8928 1039 2621 7409 263 4531
9 6804 6280 9185 678 2288 8474 8402 270 4540
9 5716 849 2279 4529 7292 3297 5462 295 4545
9 1054 6985 6308 2732 1854 2388 1152 302 4557
9 6438 1407 7277 6243 3736 434 5903 307 4568
9 6003 8629 512 1945 3953 153 5787 316 4580
9 7768 1414 7474 2081 3247 6688 7218 321 4599
